83
154086_i.png
8
8
0
0
1
1
1
1
1
1
1
1
1
1
152682_i.png
8
8
0
0
1
1
0
0
1
1
1
1
1
1
152681_i.png
8
8
0
0
1
1
1
1
1
1
1
1
1
1
92870_i.png
8
8
0
0
1
1
1
1
1
1
1
1
1
1
92871_i.png
8
8
0
0
1
1
1
1
1
1
1
1
1
1
92872_i.png
8
8
0
0
1
1
1
1
1
1
1
1
1
1
92873_i.png
8
8
0
0
1
1
1
1
1
1
1
1
1
1
92875_i.png
8
8
0
0
1
1
1
1
1
1
1
1
1
1
92881_i.png
8
8
0
0
1
1
1
1
1
1
1
1
1
1
92882_i.png
8
8
0
0
1
1
1
1
1
1
1
1
1
1
92883_i.png
8
8
0
0
1
1
1
1
1
1
1
1
1
1
92884_i.png
8
8
0
0
1
1
1
1
1
1
1
1
1
1
92885_i.png
8
8
0
0
1
1
1
1
1
1
1
1
1
1
92887_i.png
8
8
0
0
1
1
1
1
1
1
1
1
1
1
92888_i.png
8
8
0
0
1
1
1
1
1
1
1
1
1
1
92889_i.png
8
8
0
0
1
1
1
1
1
1
1
1
1
1
92890_i.png
8
8
0
0
1
1
1
1
1
1
1
1
1
1
92891_i.png
8
8
0
0
1
1
1
1
1
1
1
1
1
1
92892_i.png
8
8
0
0
1
1
1
1
1
1
1
1
1
1
92894_i.png
8
8
0
0
1
1
1
1
1
1
1
1
1
1
92893_i.png
8
8
0
0
1
1
1
1
1
1
1
1
1
1
92895_i.png
8
8
0
0
1
1
1
1
1
1
1
1
1
1
92896_i.png
8
8
0
0
1
1
1
1
1
1
1
1
1
1
92897_i.png
8
8
0
0
1
1
1
1
1
1
1
1
1
1
92898_i.png
8
8
0
0
1
1
1
1
1
1
1
1
1
1
92899_i.png
8
8
0
0
1
1
1
1
1
1
1
1
1
1
92900_i.png
8
8
0
0
1
1
1
1
1
1
1
1
1
1
92901_i.png
8
8
0
0
1
1
1
1
1
1
1
1
1
1
92902_i.png
8
8
0
0
1
1
1
1
1
1
1
1
1
1
92903_i.png
8
8
0
0
1
1
1
1
1
1
1
1
1
1
92904_i.png
8
8
0
0
1
1
1
1
1
1
1
1
1
1
92905_i.png
8
8
0
0
1
1
1
1
1
1
1
1
1
1
92906_i.png
8
8
0
0
1
1
1
1
1
1
1
1
1
1
92907_i.png
8
8
0
0
1
1
1
1
1
1
1
1
1
1
92908_i.png
8
8
0
0
1
1
1
1
1
1
1
1
1
1
92920_i.png
8
8
0
0
1
1
1
1
1
1
1
1
1
1
92909_i.png
8
8
0
0
1
1
1
1
1
1
1
1
1
1
92910_i.png
8
8
0
0
1
1
1
1
1
1
1
1
1
1
92911_i.png
8
8
0
0
1
1
1
1
1
1
1
1
1
1
92912_i.png
8
8
0
0
1
1
1
1
1
1
1
1
1
1
92913_i.png
8
8
0
0
1
1
1
1
1
1
1
1
1
1
92914_i.png
8
8
0
0
1
1
1
1
1
1
1
1
1
1
92915_i.png
8
8
0
0
1
1
1
1
1
1
1
1
1
1
92916_i.png
8
8
0
0
1
1
1
1
1
1
1
1
1
1
92917_i.png
8
8
0
0
1
1
1
1
1
1
1
1
1
1
93551_i.png
8
8
0
0
1
1
1
1
1
1
1
1
1
1
93640_i.png
8
8
0
0
1
1
1
1
1
1
1
1
1
1
94456_i.png
8
8
0
0
1
1
1
1
1
1
1
1
1
1
94457_i.png
8
8
0
0
1
1
1
1
1
1
1
1
1
1
94458_i.png
8
8
0
0
1
1
1
1
1
1
1
1
1
1
94459_i.png
8
8
0
0
1
1
1
1
1
1
1
1
1
1
94460_i.png
8
8
0
0
1
1
1
1
1
1
1
1
1
1
94461_i.png
8
8
0
0
1
1
1
1
1
1
1
1
1
1
94463_i.png
8
8
0
0
1
1
1
1
1
1
1
1
1
1
94464_i.png
8
8
0
0
1
1
1
1
1
1
1
1
1
1
94465_i.png
8
8
0
0
1
1
1
1
1
1
1
1
1
1
94466_i.png
8
8
0
0
1
1
1
1
1
1
1
1
1
1
94467_i.png
8
8
0
0
1
1
1
1
1
1
1
1
1
1
94469_i.png
8
8
0
0
1
1
1
1
1
1
1
1
1
1
94468_i.png
8
8
0
0
1
1
1
1
1
1
1
1
1
1
109993_i.png
8
8
0
0
1
1
1
1
1
1
1
1
1
1
109994_i.png
8
8
0
0
1
1
1
1
1
1
1
1
1
1
112868_i.png
8
8
0
0
1
1
1
1
1
1
1
1
1
1
114502_i.png
8
8
0
0
1
1
1
1
1
1
1
1
1
1
114504_i.png
8
8
0
0
1
1
1
1
1
1
1
1
1
1
114528_i.png
8
8
0
0
1
1
1
1
1
1
1
1
1
1
120761_i.png
8
8
0
0
1
1
1
1
1
1
1
1
1
1
120762_i.png
8
8
0
0
1
1
1
1
1
1
1
1
1
1
123926_i.png
8
8
0
0
1
1
1
1
1
1
1
1
1
1
132396_i.png
8
8
0
0
1
1
1
1
1
1
1
1
1
1
134531_i.png
8
8
0
0
1
1
1
1
1
1
1
1
1
1
132419_i.png
8
8
0
0
1
1
1
1
1
1
1
1
1
1
136547_i.png
8
8
0
0
1
1
1
1
1
1
1
1
1
1
138812_i.png
8
8
0
0
1
1
1
1
1
1
1
1
1
1
136267_i.png
8
8
0
0
1
1
1
1
1
1
1
1
1
1
141208_i.png
8
8
0
0
1
1
1
1
1
1
1
1
1
1
141210_i.png
8
8
0
0
1
1
1
1
1
1
1
1
1
1
142756_i.png
8
8
0
0
1
1
1
1
1
1
1
1
1
1
147234_i.png
8
8
0
0
1
1
1
1
1
1
1
1
1
1
146934_i.png
8
8
0
0
1
1
1
1
1
1
1
1
1
1
146808_i.png
8
8
0
0
1
1
1
1
1
1
1
1
1
1
149184_i.png
8
8
0
0
1
1
1
1
1
1
1
1
1
1
150884_i.png
8
8
0
0
1
1
1
1
1
1
1
1
1
1
